Ryan Darden
Program 3 Boundary Fill

  -1   -1   -1   -1   -1   -1   -1   -1   -1   -1 
  -1   30   31   32   -1   -1   11   12   13   -1 
  -1   29   28   27   28   -1   10    9    8   -1 
  -1   30   25   26    1   -1   11    6    7   -1 
  -1   -1   24   23    2    3    4    5   -1   -1 
  -1   -1   21   22   23   24   25    6   -1   -1 
  -1   21   20   19   10    9    8    7    8   -1 
  -1   16   17   18   11   -1   -1   -1    9   -1 
  -1   15   14   13   12   -1   -1   -1   10   -1 
  -1   -1   -1   -1   -1   -1   -1   -1   -1   -1 
